name: fyp
channels:
  - anaconda
  - defaults
dependencies:
  - _tflow_select=2.1.0=gpu
  - absl-py=0.7.0=py27_0
  - astor=0.7.1=py27_0
  - backports=1.0=py27_1
  - backports.weakref=1.0rc1=py27_0
  - backports_abc=0.5=py27_0
  - blas=1.0=mkl
  - bleach=1.5.0=py27_0
  - bokeh=0.13.0=py27_0
  - c-ares=1.15.0=h7b6447c_1
  - ca-certificates=2019.1.23=0
  - cairo=1.14.8=0
  - certifi=2019.3.9=py27_0
  - click=7.0=py27_0
  - cloudpickle=0.8.0=py27_0
  - cudatoolkit=9.2=0
  - cudnn=7.2.1=cuda9.2_0
  - cupti=9.2.148=0
  - cycler=0.10.0=py27_0
  - cytoolz=0.9.0.1=py27h14c3975_1
  - dask=1.1.4=py27_1
  - dask-core=1.1.4=py27_1
  - dbus=1.13.6=h746ee38_0
  - decorator=4.4.0=py27_1
  - distributed=1.26.0=py27_1
  - enum34=1.1.6=py27_1
  - expat=2.2.6=he6710b0_0
  - fontconfig=2.12.1=3
  - freetype=2.5.5=2
  - funcsigs=1.0.2=py27_0
  - functools32=3.2.3.2=py27_1
  - futures=3.2.0=py27_0
  - gast=0.2.2=py27_0
  - glib=2.56.2=hd408876_0
  - grpcio=1.14.1=py27h9ba97e2_0
  - gst-plugins-base=1.14.0=hbbd80ab_1
  - gstreamer=1.14.0=hb453b48_1
  - h5py=2.9.0=py27h7918eee_0
  - hdf5=1.10.4=hb1b8bf9_0
  - heapdict=1.0.0=py27_2
  - html5lib=0.9999999=py27_0
  - icu=54.1=0
  - imageio=2.5.0=py27_0
  - intel-openmp=2019.3=199
  - jbig=2.1=hdba287a_0
  - jinja2=2.10=py27_0
  - jpeg=8d=2
  - keras-applications=1.0.7=py_0
  - keras-base=2.2.4=py27_0
  - keras-gpu=2.2.4=0
  - keras-preprocessing=1.0.9=py_0
  - kiwisolver=1.0.1=py27hf484d3e_0
  - lcms=1.19=0
  - libedit=3.1.20181209=hc058e9b_0
  - libffi=3.2.1=h4deb6c0_3
  - libgcc=7.2.0=h69d50b8_2
  - libgcc-ng=8.2.0=hdf63c60_1
  - libgfortran-ng=7.3.0=hdf63c60_0
  - libiconv=1.14=0
  - libpng=1.6.36=hbc83047_0
  - libprotobuf=3.6.1=hd408876_0
  - libstdcxx-ng=8.2.0=hdf63c60_1
  - libtiff=4.0.6=2
  - libuuid=1.0.3=h1bed415_2
  - libxcb=1.13=h1bed415_1
  - libxml2=2.9.4=0
  - linecache2=1.0.0=py27_0
  - locket=0.2.0=py27_1
  - markdown=3.0.1=py27_0
  - markupsafe=1.1.1=py27h7b6447c_0
  - matplotlib=2.0.2=np113py27_0
  - mkl=2019.3=199
  - mkl_fft=1.0.10=py27ha843d7b_0
  - mkl_random=1.0.2=py27hd81dba3_0
  - mock=2.0.0=py27_0
  - msgpack-python=0.6.1=py27hfd86e86_1
  - ncurses=6.1=he6710b0_1
  - networkx=2.2=py27_1
  - numpy=1.13.3=py27hdbf6ddf_4
  - numpy-base=1.16.2=py27hde5b4d6_0
  - olefile=0.46=py27_0
  - openssl=1.0.2r=h7b6447c_0
  - packaging=19.0=py27_0
  - pandas=0.23.4=py27h04863e7_0
  - partd=0.3.10=py27_1
  - pbr=5.1.3=py_0
  - pcre=8.43=he6710b0_0
  - pil=1.1.7=py27_2
  - pillow=3.4.2=py27_0
  - pip=19.0.3=py27_0
  - pixman=0.34.0=ha72d70b_1
  - protobuf=3.6.1=py27he6710b0_0
  - psutil=5.6.1=py27h7b6447c_0
  - pycairo=1.13.3=py27hea6d626_0
  - pyparsing=2.3.1=py27_0
  - pyqt=5.6.0=py27h22d08a2_6
  - python=2.7.15=h77bded6_2
  - python-dateutil=2.8.0=py27_0
  - pytz=2018.9=py27_0
  - pywavelets=1.0.2=py27hdd07704_0
  - pyyaml=5.1=py27h7b6447c_0
  - qt=5.6.2=2
  - readline=7.0=h7b6447c_5
  - scikit-image=0.13.1=py27h14c3975_1
  - scipy=1.2.1=py27h7c811a0_0
  - setuptools=40.8.0=py27_0
  - singledispatch=3.4.0.3=py27_0
  - sip=4.18=py27_0
  - six=1.12.0=py27_0
  - sortedcontainers=2.1.0=py27_0
  - sqlite=3.27.2=h7b6447c_0
  - subprocess32=3.5.3=py27h7b6447c_0
  - tblib=1.3.2=py27_0
  - tensorboard=1.12.2=py27he6710b0_0
  - tensorflow=1.12.0=gpu_py27h2a0f108_0
  - tensorflow-base=1.12.0=gpu_py27had579c0_0
  - tensorflow-gpu=1.12.0=h0d30ee6_0
  - tensorflow-tensorboard=1.5.1=py27hf484d3e_1
  - termcolor=1.1.0=py27_1
  - tk=8.6.8=hbc83047_0
  - toolz=0.9.0=py27_0
  - tornado=5.1.1=py27h7b6447c_0
  - traceback2=1.4.0=py27_0
  - unittest2=1.1.0=py27_0
  - werkzeug=0.14.1=py27_0
  - wheel=0.33.1=py27_0
  - xz=5.2.4=h14c3975_4
  - yaml=0.1.7=h96e3832_1
  - zict=0.1.4=py27_0
  - zlib=1.2.11=h7b6447c_3
  - zstd=1.3.7=h0b5b093_0
  - pip:
    - keras==2.2.4
    - msgpack==0.6.1
prefix: /home/g2514621062/anaconda3/envs/fyp

